1 0.38782051282051283 0.44711538461538464 0.41025641025641024 0.2644230769230769
1 0.5160256410256411 0.7307692307692307 0.30448717948717946 0.29086538461538464
1 0.27884615384615385 0.4879807692307692 0.5544871794871795 0.32211538461538464
1 0.34294871794871795 0.7307692307692307 0.27884615384615385 0.27884615384615385
1 0.13141025641025642 0.4423076923076923 0.16346153846153846 0.17548076923076922
1 0.38461538461538464 0.43990384615384615 0.09294871794871795 0.1658653846153846
1 0.5256410256410257 0.49038461538461536 0.2916666666666667 0.08173076923076923
1 0.5705128205128205 0.7788461538461539 0.10897435897435898 0.04326923076923077
1 0.1858974358974359 0.71875 0.07371794871794872 0.06009615384615385
1 0.21474358974358973 0.8918269230769231 0.1858974358974359 0.1466346153846154
1 0.16987179487179488 0.9639423076923077 0.21153846153846154 0.07211538461538461