1 0.46875 0.3173076923076923 0.1875 0.17307692307692307
1 0.27884615384615385 0.47115384615384615 0.22596153846153846 0.3557692307692308
1 0.47596153846153844 0.5096153846153846 0.22115384615384615 0.28525641025641024
1 0.40384615384615385 0.6153846153846154 0.10576923076923077 0.24358974358974358
1 0.6394230769230769 0.6314102564102564 0.07932692307692307 0.1346153846153846
1 0.7331730769230769 0.657051282051282 0.13701923076923078 0.13141025641025642
1 0.5048076923076923 0.6762820512820513 0.07451923076923077 0.0641025641025641
1 0.3004807692307692 0.30128205128205127 0.04326923076923077 0.16346153846153846
1 0.24278846153846154 0.44871794871794873 0.08173076923076923 0.0641025641025641
1 0.4735576923076923 0.2467948717948718 0.040865384615384616 0.10576923076923077
1 0.4735576923076923 0.4358974358974359 0.21634615384615385 0.4230769230769231