1 0.18028846153846154 0.4230769230769231 0.07932692307692307 0.8461538461538461
1 0.3701923076923077 0.44017094017094016 0.23317307692307693 0.7393162393162394
1 0.46875 0.5982905982905983 0.3942307692307692 0.5598290598290598
1 0.6322115384615384 0.5555555555555556 0.1971153846153846 0.8717948717948718
1 0.625 0.7264957264957265 0.3629807692307692 0.5470085470085471
1 0.2548076923076923 0.46153846153846156 0.19471153846153846 0.811965811965812
1 0.31009615384615385 0.4230769230769231 0.21875 0.782051282051282
1 0.65625 0.43162393162393164 0.34375 0.5427350427350427
1 0.6165865384615384 0.6645299145299145 0.3629807692307692 0.6709401709401709
1 0.4375 0.47863247863247865 0.19471153846153846 0.8632478632478633
1 0.25 0.5982905982905983 0.23557692307692307 0.7991452991452992