2 0.42948717948717946 0.4326923076923077 0.14102564102564102 0.23076923076923078
1 0.3173076923076923 0.20192307692307693 0.3076923076923077 0.25961538461538464
1 0.2532051282051282 0.44711538461538464 0.1955128205128205 0.0985576923076923
1 0.40384615384615385 0.5625 0.125 0.125
1 0.08653846153846154 0.5649038461538461 0.11858974358974358 0.0985576923076923
1 0.057692307692307696 0.42788461538461536 0.11217948717948718 0.10576923076923077
1 0.9198717948717948 0.10336538461538461 0.15705128205128205 0.15865384615384615
1 0.9294871794871795 0.028846153846153848 0.14102564102564102 0.055288461538461536
1 0.7852564102564102 0.0625 0.09294871794871795 0.125
1 0.8141025641025641 0.13942307692307693 0.08012820512820513 0.08413461538461539
1 0.2948717948717949 0.7163461538461539 0.1955128205128205 0.12740384615384615
1 0.41346153846153844 0.3317307692307692 0.20192307692307693 0.0889423076923077