1 0.38461538461538464 0.1466346153846154 0.3108974358974359 0.29086538461538464
1 0.20192307692307693 0.4326923076923077 0.40064102564102566 0.5961538461538461
2 0.5384615384615384 0.5192307692307693 0.2564102564102564 0.18990384615384615
1 0.717948717948718 0.20673076923076922 0.13782051282051283 0.12980769230769232
1 0.8493589743589743 0.1466346153846154 0.15705128205128205 0.11778846153846154
1 0.9551282051282052 0.19951923076923078 0.08653846153846154 0.09615384615384616
1 0.8782051282051282 0.24278846153846154 0.16987179487179488 0.13942307692307693
1 0.8910256410256411 0.37259615384615385 0.05448717948717949 0.04567307692307692
1 0.28525641025641024 0.8149038461538461 0.23076923076923078 0.15625
1 0.41346153846153844 0.6394230769230769 0.14743589743589744 0.15384615384615385
1 0.1955128205128205 0.3918269230769231 0.2948717948717949 0.20673076923076922
1 0.3301282051282051 0.5120192307692307 0.22435897435897437 0.15144230769230768
1 0.17307692307692307 0.12980769230769232 0.12179487179487179 0.08173076923076923
1 0.9006410256410257 0.1201923076923077 0.08012820512820513 0.055288461538461536
1 0.8685897435897436 0.33653846153846156 0.08333333333333333 0.05048076923076923