1 0.25961538461538464 0.14182692307692307 0.40705128205128205 0.28125
1 0.6506410256410257 0.16105769230769232 0.17307692307692307 0.15865384615384615
1 0.038461538461538464 0.10336538461538461 0.07692307692307693 0.09134615384615384
1 0.7788461538461539 0.07451923076923077 0.15064102564102563 0.13701923076923078
1 0.9134615384615384 0.1201923076923077 0.12179487179487179 0.0985576923076923
1 0.8365384615384616 0.1778846153846154 0.1891025641025641 0.1466346153846154
1 0.3333333333333333 0.3389423076923077 0.23717948717948717 0.14182692307692307
1 0.25 0.5504807692307693 0.28525641025641024 0.18990384615384615
1 0.3685897435897436 0.6802884615384616 0.19230769230769232 0.18028846153846154
1 0.24358974358974358 0.90625 0.25961538461538464 0.1875
2 0.49038461538461536 0.5456730769230769 0.26282051282051283 0.1971153846153846
1 0.6666666666666666 0.12980769230769232 0.09935897435897435 0.08653846153846154
1 0.842948717948718 0.04567307692307692 0.07371794871794872 0.06490384615384616
1 0.9615384615384616 0.11538461538461539 0.035256410256410256 0.038461538461538464