1 0.26282051282051283 0.28125 0.20512820512820512 0.25240384615384615
1 0.46153846153846156 0.28125 0.22756410256410256 0.12980769230769232
1 0.4358974358974359 0.38461538461538464 0.26282051282051283 0.20673076923076922
1 0.34935897435897434 0.47596153846153844 0.0641025641025641 0.038461538461538464
1 0.2564102564102564 0.41346153846153844 0.19230769230769232 0.12740384615384615
1 0.47115384615384615 0.5336538461538461 0.1282051282051282 0.08173076923076923
1 0.5352564102564102 0.5817307692307693 0.12179487179487179 0.09375
1 0.4358974358974359 0.3557692307692308 0.25 0.2620192307692308
1 0.23397435897435898 0.23557692307692307 0.060897435897435896 0.06971153846153846
1 0.34935897435897434 0.1875 0.04807692307692308 0.10817307692307693
1 0.4775641025641026 0.25721153846153844 0.028846153846153848 0.0625